WorkRaveStats 4
D 23 5 114 14 56 23 5 114 15 5
B 0 7 1 0 1 0 1 1 315 
B 1 7 0 0 1 1 0 0 0 
B 2 7 0 0 0 0 0 0 0 
m 6 497 147877 86545 338 274 31 
D 24 5 114 8 24 24 5 114 16 17
B 0 7 0 8 17 5 1 0 0 
B 1 7 3 0 4 2 0 2 313 
B 2 7 0 0 0 0 0 0 0 
m 6 22283 3295393 1764420 6690 3993 21057 
D 25 5 114 8 20 25 5 114 16 57
B 0 7 0 0 10 14 0 0 0 
B 1 7 5 2 4 1 0 3 613 
B 2 7 0 0 0 0 0 0 0 
m 6 22098 5951380 2990396 11003 6428 8494 
D 26 5 114 8 17 26 5 114 16 54
B 0 7 0 11 22 0 0 0 0 
B 1 7 0 3 8 0 0 0 0 
B 2 7 0 0 0 0 0 0 0 
m 6 20477 5568570 2751541 9869 5541 12405 
D 27 5 114 8 15 27 5 114 16 3
B 0 7 0 9 17 0 0 0 0 
B 1 7 0 4 7 0 0 0 0 
B 2 7 0 0 0 0 0 0 0 
m 6 16945 3813567 1967242 7060 3879 5477 
D 30 5 114 8 14 30 5 114 17 24
B 0 7 0 9 27 3 0 0 0 
B 1 7 0 2 9 1 0 0 0 
B 2 7 0 0 0 0 0 0 0 
m 6 23048 4960905 2491432 9215 5678 4975 
D 1 6 114 8 14 1 6 114 16 57
B 0 7 0 13 22 0 0 0 0 
B 1 7 0 5 7 1 0 0 0 
B 2 7 0 0 0 0 0 0 0 
m 6 24754 4497307 2269458 8038 4992 22613 
D 2 6 114 8 18 2 6 114 16 58
B 0 7 0 12 20 2 0 0 0 
B 1 7 0 3 6 2 0 0 0 
B 2 7 0 0 0 0 0 0 0 
m 6 23353 4524051 2288936 7920 4705 22268 
D 3 6 114 8 16 3 6 114 16 55
B 0 7 0 11 25 1 0 0 0 
B 1 7 0 4 7 1 0 0 0 
B 2 7 0 0 0 0 0 0 0 
m 6 23801 4227169 2093876 7752 4589 22679 
D 4 6 114 8 31 4 6 114 15 58
B 0 7 0 7 17 6 0 0 0 
B 1 7 0 2 5 2 0 0 0 
B 2 7 0 0 0 0 0 0 0 
m 6 20551 3749760 1765392 6771 3665 18740 
D 7 6 114 8 19 7 6 114 17 1
B 0 7 0 9 19 3 0 0 0 
B 1 7 0 2 7 2 0 0 0 
B 2 7 0 0 0 0 0 0 0 
m 6 22935 4216480 2221679 8355 5065 16981 
D 8 6 114 8 18 8 6 114 17 0
B 0 7 0 12 23 1 0 0 0 
B 1 7 0 5 6 0 0 0 0 
B 2 7 0 0 0 0 0 0 0 
m 6 23303 4163960 2200036 8365 4517 23292 
D 9 6 114 8 15 9 6 114 16 59
B 0 7 0 9 16 3 0 0 0 
B 1 7 0 2 2 2 0 0 0 
B 2 7 0 0 0 0 0 0 0 
m 6 21593 4199491 2002549 2847 4553 17838 
D 10 6 114 8 14 10 6 114 17 12
B 0 7 0 9 17 8 0 0 0 
B 1 7 0 1 4 5 0 0 0 
B 2 7 0 0 0 0 0 0 0 
m 6 25891 4553641 2278610 8423 4849 23010 
D 11 6 114 8 1 11 6 114 16 18
B 0 7 0 9 19 5 0 0 0 
B 1 7 0 1 4 5 0 0 0 
B 2 7 0 0 0 0 0 0 0 
m 6 22807 2962058 1438527 6357 3505 26451 
D 14 6 114 8 19 14 6 114 17 0
B 0 7 0 10 21 3 0 0 0 
B 1 7 0 3 7 1 0 0 0 
B 2 7 0 0 0 0 0 0 0 
m 6 21788 4313005 2262046 6060 4675 14105 
D 15 6 114 8 20 15 6 114 16 12
B 0 7 0 3 15 3 0 0 0 
B 1 7 0 0 9 1 0 0 0 
B 2 7 0 0 0 0 0 0 0 
m 6 13215 3709812 1759479 6675 3777 6638 
D 16 6 114 8 30 16 6 114 16 58
B 0 7 0 8 14 6 1 0 239 
B 1 7 0 3 6 2 2 0 600 
B 2 7 0 0 0 0 0 0 0 
m 6 22522 4980051 2593382 9072 5653 17510 
D 17 6 114 8 17 17 6 114 17 0
B 0 7 0 10 21 2 0 0 0 
B 1 7 0 2 7 2 1 0 300 
B 2 7 0 0 0 0 0 0 0 
m 6 21409 5114695 2661022 8496 4987 17926 
D 18 6 114 8 13 18 6 114 15 59
B 0 7 0 9 14 4 0 0 0 
B 1 7 0 1 3 4 0 0 0 
B 2 7 0 0 0 0 0 0 0 
m 6 20729 4503501 2269977 7635 4747 14264 
D 21 6 114 8 15 21 6 114 15 48
B 0 7 0 10 15 5 0 0 0 
B 1 7 0 1 5 3 0 0 0 
B 2 7 0 0 0 0 0 0 0 
m 6 21393 4699597 2440451 8939 5475 16439 
D 22 6 114 8 13 22 6 114 17 2
B 0 7 0 6 14 7 0 0 0 
B 1 7 0 1 8 2 0 0 0 
B 2 7 0 0 0 0 0 0 0 
m 6 21856 5111895 2527581 8932 5468 15123 
D 23 6 114 10 54 23 6 114 17 14
B 0 7 0 0 2 11 0 0 0 
B 1 7 0 0 2 2 0 0 0 
B 2 7 0 0 0 0 0 0 0 
m 6 15066 3537879 1969202 5921 3874 8452 
D 24 6 114 8 11 24 6 114 20 38
B 0 7 0 14 26 7 0 0 0 
B 1 7 0 4 10 3 0 0 0 
B 2 7 0 0 0 1 1 0 3502 
m 6 34102 7291177 3805516 12843 7295 18507 
D 25 6 114 8 54 25 6 114 20 43
B 0 7 0 12 24 7 0 0 1112 
B 1 7 0 2 6 4 0 0 0 
B 2 7 0 0 0 1 0 0 1742 
m 6 32342 5396958 2839786 0 5804 28296 
D 28 6 114 8 44 28 6 114 16 58
B 0 7 0 9 23 3 0 0 0 
B 1 7 0 3 8 1 0 0 0 
B 2 7 0 0 0 0 0 0 0 
m 6 21476 4154953 2319912 7217 4597 16486 
D 29 6 114 8 15 29 6 114 17 15
B 0 7 0 7 20 3 0 0 0 
B 1 7 0 1 5 1 1 0 9 
B 2 7 0 0 0 0 0 0 0 
m 6 17151 4190809 2214657 7698 4622 8601 
D 30 6 114 8 20 30 6 114 17 3
B 0 7 0 7 19 0 0 0 0 
B 1 7 0 1 8 1 0 0 0 
B 2 7 0 0 0 0 0 0 0 
m 6 17111 3522009 1835220 2384 4061 4559 
D 31 6 114 8 21 31 6 114 17 3
B 0 7 0 6 16 3 0 0 0 
B 1 7 0 1 8 1 0 0 0 
B 2 7 0 0 0 0 0 0 0 
m 6 19406 4266398 2240422 8197 4817 11351 
D 1 7 114 8 15 1 7 114 17 4
B 0 7 0 8 15 7 0 0 0 
B 1 7 0 3 5 2 0 0 0 
B 2 7 0 0 0 0 0 0 0 
m 6 24580 4637170 2411902 8447 5072 20015 
D 4 7 114 8 23 4 7 114 14 28
B 0 7 0 2 10 2 0 0 0 
B 1 7 0 1 6 0 0 0 0 
B 2 7 0 0 0 0 0 0 0 
m 6 9288 3409545 1623966 6611 3146 10317 
D 5 7 114 9 16 5 7 114 17 1
B 0 7 0 4 12 3 0 0 0 
B 1 7 0 0 5 0 0 0 0 
B 2 7 0 0 0 0 0 0 0 
m 6 14259 5313312 2732849 9715 6329 11642 
D 6 7 114 8 22 6 7 114 17 8
B 0 7 0 6 18 4 0 0 0 
B 1 7 0 1 8 0 0 0 0 
B 2 7 0 0 0 0 0 0 0 
m 6 18969 4907065 2183695 9493 5123 5931 
D 7 7 114 8 14 7 7 114 16 52
B 0 7 0 8 18 0 0 0 0 
B 1 7 0 1 8 0 0 0 0 
B 2 7 0 0 0 0 0 0 0 
m 6 15652 3350308 1722780 6242 3935 9900 
D 8 7 114 8 14 8 7 114 15 53
B 0 7 0 8 15 3 0 0 0 
B 1 7 0 2 6 1 0 0 0 
B 2 7 0 0 0 0 0 0 0 
m 6 18388 4366164 2290650 7204 4772 3933 
D 11 7 114 8 17 11 7 114 16 48
B 0 7 0 11 20 1 0 0 0 
B 1 7 0 4 7 0 0 0 0 
B 2 7 0 0 0 0 0 0 0 
m 6 22226 4217175 2241566 8553 5105 3248 
D 12 7 114 8 17 12 7 114 16 29
B 0 7 0 8 13 1 0 0 0 
B 1 7 0 1 3 1 0 0 0 
B 2 7 0 0 0 0 0 0 0 
m 6 14828 3047461 1606212 4966 3212 1841 
D 13 7 114 8 15 13 7 114 16 55
B 0 7 0 6 16 2 0 0 0 
B 1 7 0 1 5 0 0 0 0 
B 2 7 0 0 0 0 0 0 0 
m 6 14828 4360756 2298314 7722 4694 11429 
D 14 7 114 8 15 14 7 114 16 48
B 0 7 0 6 17 1 0 0 0 
B 1 7 0 2 7 0 0 0 0 
B 2 7 0 0 0 0 0 0 0 
m 6 14880 2409704 1186544 5181 2792 4818 
D 15 7 114 8 21 15 7 114 15 52
B 0 7 0 3 7 3 0 0 0 
B 1 7 0 0 3 1 0 0 0 
B 2 7 0 0 0 0 0 0 0 
m 6 10571 1808158 911587 390 2211 1104 
D 18 7 114 8 20 18 7 114 16 54
B 0 7 0 12 19 2 0 0 0 
B 1 7 0 4 4 0 5 0 1279 
B 2 7 0 0 0 0 0 0 0 
m 6 21862 4910979 2488828 0 6292 15773 
D 19 7 114 8 17 19 7 114 16 56
B 0 7 0 13 20 0 0 0 0 
B 1 7 0 2 7 0 0 0 0 
B 2 7 0 0 0 0 0 0 0 
m 6 22584 4143254 2079612 7711 4361 14869 
D 20 7 114 8 26 20 7 114 16 55
B 0 7 0 8 22 3 0 0 0 
B 1 7 0 4 7 0 0 0 0 
B 2 7 0 0 0 0 0 0 0 
m 6 21636 3859096 2039716 7548 4331 13187 
D 21 7 114 8 14 21 7 114 16 56
B 0 7 0 13 20 0 0 0 0 
B 1 7 0 4 6 0 0 0 0 
B 2 7 0 0 0 0 0 0 0 
m 6 23214 3943136 2104697 5483 4249 21400 
D 22 7 114 8 24 22 7 114 15 48
B 0 7 0 8 18 2 0 0 0 
B 1 7 0 2 7 0 0 0 0 
B 2 7 0 0 0 0 0 0 0 
m 6 17789 3702324 1954632 6896 4245 15106 
D 25 7 114 14 53 25 7 114 19 54
B 0 7 0 7 13 3 0 0 0 
B 1 7 0 1 1 3 0 0 0 
B 2 7 0 0 0 0 0 0 0 
m 6 16442 3796299 2005405 6721 3795 11036 
D 26 7 114 8 25 26 7 114 16 57
B 0 7 0 11 22 3 0 0 0 
B 1 7 0 5 7 0 0 0 0 
B 2 7 0 0 0 0 0 0 0 
m 6 23629 4193697 2301012 8784 5476 10323 
D 27 7 114 8 20 27 7 114 16 42
B 0 7 0 11 21 3 0 0 0 
B 1 7 0 3 7 1 0 0 0 
B 2 7 0 0 0 0 0 0 0 
m 6 23132 5106170 2759662 9475 5474 14017 
D 28 7 114 8 20 28 7 114 16 46
B 0 7 0 11 20 4 0 0 0 
B 1 7 0 3 4 2 0 0 0 
B 2 7 0 0 0 0 0 0 0 
m 6 23593 3740365 1894523 6866 3660 23424 
D 29 7 114 8 21 29 7 114 15 56
B 0 7 0 7 15 5 0 0 0 
B 1 7 0 4 5 0 1 0 300 
B 2 7 0 0 0 0 0 0 0 
m 6 20558 4264230 2178542 7361 4300 16426 
D 1 8 114 8 16 1 8 114 16 55
B 0 7 0 9 18 4 0 0 0 
B 1 7 0 4 6 2 0 0 0 
B 2 7 0 0 0 0 0 0 0 
m 6 22266 4387152 2375047 7254 4589 11697 
D 2 8 114 8 31 2 8 114 16 58
B 0 7 0 12 21 4 0 0 0 
B 1 7 0 3 7 2 0 0 0 
B 2 7 0 0 0 0 0 0 0 
m 6 23990 3610315 1805476 6303 3572 17735 
D 3 8 114 8 32 3 8 114 17 1
B 0 7 0 11 17 5 0 0 0 
B 1 7 0 2 5 3 0 0 0 
B 2 7 0 0 0 0 0 0 0 
m 6 23543 3787467 1938048 6835 4275 18890 
D 4 8 114 8 18 4 8 114 16 55
B 0 7 0 12 17 4 0 0 0 
B 1 7 0 3 4 3 0 0 0 
B 2 7 0 0 0 0 0 0 0 
m 6 22894 4082378 1983985 6050 4346 21133 
D 5 8 114 8 20 5 8 114 15 46
B 0 7 0 9 19 2 0 0 0 
B 1 7 0 4 6 0 0 0 0 
B 2 7 0 0 0 0 0 0 0 
m 6 19998 3365239 1716838 5727 3414 18830 
D 8 8 114 8 20 8 8 114 16 57
B 0 7 0 10 17 2 0 0 0 
B 1 7 0 3 5 2 0 0 0 
B 2 7 0 0 0 0 0 0 0 
m 6 21527 3280920 1775535 3959 3802 15576 
D 9 8 114 8 17 9 8 114 16 54
B 0 7 0 8 18 1 0 0 0 
B 1 7 0 3 5 0 3 0 750 
B 2 7 0 0 0 0 0 0 0 
m 6 18315 2620023 1332780 4892 2714 19650 
D 10 8 114 8 19 10 8 114 16 54
B 0 7 0 10 19 4 0 0 0 
B 1 7 0 3 5 1 0 0 0 
B 2 7 0 0 0 0 0 0 0 
m 6 23449 3993161 2081921 3089 4293 14264 
D 11 8 114 8 21 11 8 114 16 51
B 0 7 0 12 20 2 0 0 0 
B 1 7 0 4 6 1 0 0 0 
B 2 7 0 0 0 0 0 0 0 
m 6 23212 2922006 1453332 5466 3175 25119 
D 12 8 114 8 10 12 8 114 15 44
B 0 7 0 11 20 0 0 0 0 
B 1 7 0 3 7 0 0 0 0 
B 2 7 0 0 0 0 0 0 0 
m 6 19650 3488598 1764560 6530 3837 15604 
D 15 8 114 8 30 15 8 114 15 16
B 0 7 0 8 17 2 0 0 0 
B 1 7 0 2 5 1 0 0 0 
B 2 7 0 0 0 0 0 0 0 
m 6 16749 2639290 1274983 4946 2810 11665 
D 16 8 114 8 9 16 8 114 16 47
B 0 7 0 4 19 4 0 0 0 
B 1 7 0 1 8 2 0 0 0 
B 2 7 0 0 0 0 0 0 0 
m 6 19150 4374733 2219620 7924 5252 15289 
D 17 8 114 8 17 17 8 114 15 51
B 0 7 0 10 24 0 0 0 0 
B 1 7 0 3 8 1 0 0 0 
B 2 7 0 0 0 0 0 0 0 
m 6 20903 3830593 1738771 7043 3840 8140 
D 18 8 114 8 32 18 8 114 11 13
B 0 7 0 5 10 0 0 0 0 
B 1 7 0 1 3 0 0 0 0 
B 2 7 0 0 0 0 0 0 0 
m 6 7869 5043671 2523548 0 5627 34166 
D 19 8 114 8 29 19 8 114 15 43
B 0 7 0 3 12 8 0 0 0 
B 1 7 0 0 3 3 0 0 0 
B 2 7 0 0 0 0 0 0 0 
m 6 18331 3774084 2048724 6384 4227 17074 
D 6 9 114 8 19 6 9 114 16 49
B 0 7 0 12 17 2 0 0 0 
B 1 7 0 1 5 3 0 0 0 
B 2 7 0 0 0 0 0 0 0 
m 6 21103 4388855 2235023 8182 4574 4933 
D 7 9 114 4 11 7 9 114 15 54
B 0 7 0 10 17 3 0 0 0 
B 1 7 0 2 5 2 0 0 0 
B 2 7 0 0 0 0 0 0 0 
m 6 20349 3898881 1992841 0 4770 13849 
D 8 9 114 8 14 8 9 114 16 30
B 0 7 0 10 20 1 0 0 0 
B 1 7 0 3 7 0 0 0 0 
B 2 7 0 0 0 0 0 0 0 
m 6 19195 2689771 1275371 4427 2426 24602 
D 9 9 114 8 10 9 9 114 15 33
B 0 7 0 12 21 0 0 0 0 
B 1 7 0 4 6 1 0 0 0 
B 2 7 0 0 0 0 0 0 0 
m 6 21203 4245605 2212613 7629 4923 25218 
D 10 9 114 8 1 10 9 114 15 43
B 0 7 0 12 23 1 0 0 0 
B 1 7 0 4 5 1 0 0 0 
B 2 7 0 0 0 0 0 0 0 
m 6 22775 3368555 1799354 403 3801 16330 
D 13 9 114 7 57 13 9 114 16 55
B 0 7 0 9 23 2 0 0 0 
B 1 7 0 4 7 1 0 0 0 
B 2 7 0 0 0 0 0 0 0 
m 6 24991 4281641 2336944 7698 5258 28061 
D 14 9 114 8 0 14 9 114 16 37
B 0 7 0 13 21 1 0 0 0 
B 1 7 0 4 7 0 0 0 0 
B 2 7 0 0 0 0 0 0 0 
m 6 24202 4539365 2501364 8455 5713 19226 
D 15 9 114 8 6 15 9 114 16 44
B 0 7 0 9 19 4 0 0 0 
B 1 7 0 4 7 1 0 0 0 
B 2 7 0 0 0 0 0 0 0 
m 6 23423 4218198 2201488 7056 4288 20477 
D 16 9 114 8 6 16 9 114 16 47
B 0 7 0 13 20 3 0 0 0 
B 1 7 0 6 4 0 4 0 1200 
B 2 7 0 0 0 0 0 0 0 
m 6 25244 4223572 2271474 7453 4593 21115 
D 17 9 114 8 2 17 9 114 15 50
B 0 7 0 9 22 1 0 0 0 
B 1 7 0 3 5 0 2 0 345 
B 2 7 0 0 0 0 0 0 0 
m 6 20025 3309173 1721083 5599 3516 15672 
D 20 9 114 8 0 20 9 114 16 50
B 0 7 0 12 21 2 0 0 0 
B 1 7 0 3 5 1 1 0 300 
B 2 7 0 0 0 0 0 0 0 
m 6 24537 4432928 2255273 8339 5065 17385 
D 21 9 114 8 10 21 9 114 16 50
B 0 7 0 10 18 3 0 0 0 
B 1 7 0 3 6 2 0 0 0 
B 2 7 0 0 0 0 0 0 0 
m 6 22915 3567588 1742389 7028 3976 16226 
D 22 9 114 7 54 22 9 114 16 46
B 0 7 0 11 26 1 0 0 0 
B 1 7 0 4 8 1 2 0 600 
B 2 7 0 0 0 0 0 0 0 
m 6 23624 4996040 2495259 9413 5792 15279 
D 23 9 114 8 5 23 9 114 16 47
B 0 7 0 12 24 2 0 0 0 
B 1 7 0 5 6 0 0 0 0 
B 2 7 0 0 0 0 0 0 0 
m 6 24302 5042795 2647492 9283 4983 16382 
D 24 9 114 7 57 24 9 114 15 46
B 0 7 0 12 20 1 0 0 0 
B 1 7 0 3 5 0 1 0 300 
B 2 7 0 0 0 0 0 0 0 
m 6 21686 4919778 2468220 8430 4688 14389 
D 27 9 114 8 57 27 9 114 16 51
B 0 7 0 12 21 5 0 0 0 
B 1 7 0 3 6 2 2 0 600 
B 2 7 0 0 0 0 0 0 0 
m 6 24519 5725155 2915840 9846 5824 15686 
D 28 9 114 8 3 28 9 114 16 55
B 0 7 0 12 20 3 0 0 0 
B 1 7 0 3 6 1 5 0 1500 
B 2 7 0 0 0 0 0 0 0 
m 6 24546 6408651 3228835 11407 6553 10953 
D 29 9 114 8 7 29 9 114 16 39
B 0 7 0 13 22 0 0 0 0 
B 1 7 0 5 7 0 2 0 600 
B 2 7 0 0 0 0 0 0 0 
m 6 22762 4101398 2065876 7328 4102 21725 
D 30 9 114 8 4 30 9 114 16 39
B 0 7 0 14 22 1 0 0 0 
B 1 7 0 4 5 1 2 0 600 
B 2 7 0 0 0 0 0 0 0 
m 6 23268 3941601 2122898 7347 4367 18774 
D 31 9 114 8 17 31 9 114 15 34
B 0 7 0 9 18 1 0 0 0 
B 1 7 0 3 8 0 0 0 0 
B 2 7 0 0 0 0 0 0 0 
m 6 17643 3884878 1968733 6354 3737 13088 
D 5 10 114 8 58 5 10 114 16 54
B 0 7 0 6 16 1 0 0 0 
B 1 7 0 2 7 0 1 0 300 
B 2 7 0 0 0 0 0 0 0 
m 6 15965 3528103 1765033 6873 3979 6258 
D 6 10 114 8 0 6 10 114 17 17
B 0 7 0 10 18 4 0 0 0 
B 1 7 0 2 7 1 5 0 1500 
B 2 7 0 0 0 0 0 0 0 
m 6 22511 4155013 2040773 7425 4118 17913 
D 7 10 114 8 0 7 10 114 16 6
B 0 7 0 6 21 3 1 0 300 
B 1 7 0 2 8 2 2 0 600 
B 2 7 0 0 0 0 0 0 0 
m 6 20555 4884117 2257864 8238 4200 10093 
D 10 10 114 8 3 10 10 114 16 37
B 0 7 0 12 20 1 0 0 0 
B 1 7 0 5 4 0 7 0 2100 
B 2 7 0 0 0 0 0 0 0 
m 6 22226 4828275 2283418 7978 4213 13767 
D 11 10 114 8 5 11 10 114 16 24
B 0 7 0 13 21 0 0 0 0 
B 1 7 0 3 5 1 0 0 0 
B 2 7 0 0 0 0 0 0 0 
m 6 22890 4706750 2390546 8087 4688 13330 
D 12 10 114 8 0 12 10 114 16 35
B 0 7 0 10 19 4 0 0 0 
B 1 7 0 2 5 0 5 0 1293 
B 2 7 0 0 0 0 0 0 0 
m 6 22055 4621359 2384540 7765 4614 13887 
D 13 10 114 8 1 13 10 114 16 2
B 0 7 0 7 20 2 0 0 0 
B 1 7 0 3 8 0 0 0 0 
B 2 7 0 0 0 0 0 0 0 
m 6 19074 4447612 2268945 7469 3975 8363 
D 14 10 114 8 4 14 10 114 15 47
B 0 7 0 9 21 0 0 0 0 
B 1 7 0 4 5 0 2 0 600 
B 2 7 0 0 0 0 0 0 0 
m 6 18503 3499001 1740662 6223 3636 13481 
D 17 10 114 8 0 17 10 114 16 35
B 0 7 0 14 26 0 0 0 0 
B 1 7 0 3 7 0 0 0 0 
B 2 7 0 0 0 0 0 0 0 
m 6 22178 3808424 2086145 6625 4044 14630 
D 18 10 114 8 4 18 10 114 16 35
B 0 7 0 11 18 0 5 0 1248 
B 1 7 0 2 6 0 10 0 3000 
B 2 7 0 0 0 0 0 0 0 
m 6 21634 4542659 2366794 8080 4776 10256 
D 19 10 114 15 17 19 10 114 17 16
B 0 7 0 1 2 0 0 0 0 
B 1 7 0 0 1 0 0 0 0 
B 2 7 0 0 0 0 0 0 0 
m 6 2173 472127 217401 770 442 801 
D 20 10 114 8 15 20 10 114 16 20
B 0 7 0 10 19 4 1 0 108 
B 1 7 0 4 4 1 3 0 900 
B 2 7 0 0 0 0 0 0 0 
m 6 22836 5356282 2751336 9295 5560 10544 
D 21 10 114 8 9 21 10 114 15 54
B 0 7 0 10 16 2 2 0 385 
B 1 7 0 3 4 0 6 0 1584 
B 2 7 0 0 0 0 0 0 0 
m 6 22082 3964085 1972277 0 4978 14469 
D 25 10 114 7 59 25 10 114 16 46
B 0 7 0 15 23 0 0 0 0 
B 1 7 0 4 4 3 0 0 0 
B 2 7 0 0 0 0 0 0 0 
m 6 25120 5159756 2718110 9243 5843 18250 
D 26 10 114 7 58 26 10 114 16 36
B 0 7 0 6 20 1 2 0 340 
B 1 7 0 3 8 0 3 0 900 
B 2 7 0 0 0 0 0 0 0 
m 6 19726 3615598 1824504 6512 3584 16189 
D 27 10 114 7 58 27 10 114 16 23
B 0 7 0 11 17 0 11 0 3011 
B 1 7 0 4 3 0 15 0 4335 
B 2 7 0 0 0 0 0 0 0 
m 6 24406 4257822 2177906 7266 3892 20583 
D 28 10 114 8 3 28 10 114 15 36
B 0 7 0 7 12 0 14 0 4033 
B 1 7 0 2 5 0 7 0 1766 
B 2 7 0 0 0 0 0 0 0 
m 6 18338 3891598 2044257 6592 3861 10373 
D 1 11 114 8 11 1 11 114 16 45
B 0 7 0 11 21 0 0 0 0 
B 1 7 0 4 7 0 0 0 0 
B 2 7 0 0 0 0 0 0 0 
m 6 20915 3949767 1991655 7602 4210 12381 
D 2 11 114 8 12 2 11 114 16 39
B 0 7 0 11 22 1 1 0 230 
B 1 7 0 3 6 1 1 0 300 
B 2 7 0 0 0 0 0 0 0 
m 6 22876 4106247 1997303 7619 4414 21355 
D 3 11 114 8 3 3 11 114 16 24
B 0 7 0 8 17 0 10 0 2707 
B 1 7 0 4 6 0 9 0 2562 
B 2 7 0 0 0 0 0 0 0 
m 6 22271 3156878 1529306 6498 3872 28677 
D 4 11 114 7 59 4 11 114 16 36
B 0 7 0 11 19 0 7 0 1869 
B 1 7 0 4 6 0 0 0 0 
B 2 7 0 0 0 0 0 0 0 
m 6 23441 3360660 1694467 6760 4049 28465 
D 5 11 114 8 8 5 11 114 15 56
B 0 7 0 12 19 0 3 0 607 
B 1 7 0 4 5 0 5 0 1500 
B 2 7 0 0 0 0 0 0 0 
m 6 22250 4045765 2051914 7658 4887 23882 
D 8 11 114 8 1 8 11 114 16 39
B 0 7 0 12 23 0 1 0 239 
B 1 7 0 4 5 0 3 0 695 
B 2 7 0 0 0 0 0 0 0 
m 6 22215 4521860 2236830 8352 4653 16585 
D 9 11 114 7 57 9 11 114 16 48
B 0 7 0 11 19 0 1 0 102 
B 1 7 0 4 7 0 0 0 0 
B 2 7 0 0 0 0 0 0 0 
m 6 20109 3092416 1580136 6335 4267 21598 
D 10 11 114 9 13 10 11 114 16 35
B 0 7 0 8 14 1 8 0 2159 
B 1 7 0 3 6 0 4 0 1025 
B 2 7 0 0 0 0 0 0 0 
m 6 19522 3446362 1703404 6310 3419 12461 
D 11 11 114 8 7 11 11 114 16 35
B 0 7 0 12 19 0 5 0 1247 
B 1 7 0 4 5 0 1 0 132 
B 2 7 0 0 0 0 0 0 0 
m 6 22745 3371199 1625941 7249 4445 21751 
D 12 11 114 7 59 12 11 114 15 52
B 0 7 0 7 14 1 9 0 2609 
B 1 7 0 2 7 0 1 0 214 
B 2 7 0 0 0 0 0 0 0 
m 6 17416 3220200 1576481 6206 3929 18762 
D 15 11 114 8 2 15 11 114 16 35
B 0 7 0 10 20 0 9 0 2429 
B 1 7 0 4 5 0 5 0 1366 
B 2 7 0 0 0 0 0 0 0 
m 6 23719 4403201 2267318 9104 5238 14944 
D 16 11 114 8 3 16 11 114 16 30
B 0 7 0 11 15 0 9 0 2265 
B 1 7 0 4 6 0 2 0 381 
B 2 7 0 0 0 0 0 0 0 
m 6 23010 4797858 2404810 8817 5180 21768 
D 17 11 114 8 1 17 11 114 16 37
B 0 7 0 11 19 0 2 0 328 
B 1 7 0 5 8 0 0 0 0 
B 2 7 0 0 0 0 0 0 0 
m 6 23195 4016389 2126052 8018 4894 22417 
D 18 11 114 8 0 18 11 114 16 33
B 0 7 0 6 19 2 5 0 1500 
B 1 7 0 1 7 1 6 0 1800 
B 2 7 0 0 0 0 0 0 0 
m 6 20720 4085059 2183245 7595 4996 10338 
D 19 11 114 8 2 19 11 114 15 6
B 0 7 0 6 14 0 4 0 1137 
B 1 7 0 3 7 0 5 0 1500 
B 2 7 0 0 0 0 0 0 0 
m 6 16716 4156713 2057049 7149 4511 15380 
D 25 11 114 14 12 25 11 114 14 12
B 0 7 0 0 1 0 0 0 0 
B 1 7 0 0 1 0 0 0 0 
B 2 7 0 0 0 0 0 0 0 
m 6 0 52769 24097 48 34 44 
D 26 11 114 8 14 26 11 114 16 41
B 0 7 0 3 15 0 2 0 373 
B 1 7 0 0 11 0 0 0 0 
B 2 7 0 0 0 0 0 0 0 
m 6 9595 1104235 503038 1603 2435 3126 
D 27 11 114 9 19 27 11 114 17 7
B 0 7 0 6 13 2 10 0 2843 
B 1 7 0 0 6 2 4 0 1200 
B 2 7 0 0 0 0 0 0 0 
m 6 20037 1210902 578671 2857 2446 22089 
D 29 11 114 9 6 29 11 114 13 42
B 0 7 0 2 8 2 9 0 2430 
B 1 7 0 1 7 1 1 0 300 
B 2 7 0 0 0 0 0 0 0 
m 6 12875 876490 442829 1609 1925 4402 
D 30 11 114 4 0 30 11 114 4 0
B 0 7 0 0 0 0 0 0 0 
B 1 7 0 0 0 0 0 0 0 
B 2 7 0 0 0 0 0 0 0 
m 6 0 0 0 0 0 0 
D 31 11 114 4 0 31 11 114 4 0
B 0 7 0 0 0 0 0 0 0 
B 1 7 0 0 0 0 0 0 0 
B 2 7 0 0 0 0 0 0 0 
m 6 0 0 0 0 0 0 
D 1 0 115 4 0 1 0 115 4 0
B 0 7 0 0 0 0 0 0 0 
B 1 7 0 0 0 0 0 0 0 
B 2 7 0 0 0 0 0 0 0 
m 6 0 0 0 0 0 0 
D 2 0 115 4 0 2 0 115 4 0
B 0 7 0 0 0 0 0 0 0 
B 1 7 0 0 0 0 0 0 0 
B 2 7 0 0 0 0 0 0 0 
m 6 0 0 0 0 0 0 
D 3 0 115 4 0 3 0 115 4 0
B 0 7 0 0 0 0 0 0 0 
B 1 7 0 0 0 0 0 0 0 
B 2 7 0 0 0 0 0 0 0 
m 6 0 0 0 0 0 0 
D 4 0 115 4 0 4 0 115 4 0
B 0 7 0 0 0 0 0 0 0 
B 1 7 0 0 0 0 0 0 0 
B 2 7 0 0 0 0 0 0 0 
m 6 0 0 0 0 0 0 
D 5 0 115 4 0 5 0 115 4 0
B 0 7 0 0 0 0 0 0 0 
B 1 7 0 0 0 0 0 0 0 
B 2 7 0 0 0 0 0 0 0 
m 6 0 0 0 0 0 0 
D 6 0 115 4 0 6 0 115 4 0
B 0 7 0 0 0 0 0 0 0 
B 1 7 0 0 0 0 0 0 0 
B 2 7 0 0 0 0 0 0 0 
m 6 0 0 0 0 0 0 
D 7 0 115 4 0 7 0 115 4 0
B 0 7 0 0 0 0 0 0 0 
B 1 7 0 0 0 0 0 0 0 
B 2 7 0 0 0 0 0 0 0 
m 6 0 0 0 0 0 0 
D 8 0 115 4 0 8 0 115 4 0
B 0 7 0 0 0 0 0 0 0 
B 1 7 0 0 0 0 0 0 0 
B 2 7 0 0 0 0 0 0 0 
m 6 0 0 0 0 0 0 
D 9 0 115 4 0 9 0 115 4 0
B 0 7 0 0 0 0 0 0 0 
B 1 7 0 0 0 0 0 0 0 
B 2 7 0 0 0 0 0 0 0 
m 6 0 0 0 0 0 0 
D 10 0 115 4 0 10 0 115 4 0
B 0 7 0 0 0 0 0 0 0 
B 1 7 0 0 0 0 0 0 0 
B 2 7 0 0 0 0 0 0 0 
m 6 0 0 0 0 0 0 
D 11 0 115 4 0 11 0 115 4 0
B 0 7 0 0 0 0 0 0 0 
B 1 7 0 0 0 0 0 0 0 
B 2 7 0 0 0 0 0 0 0 
m 6 0 0 0 0 0 0 
D 12 0 115 8 23 12 0 115 16 57
B 0 7 0 1 11 0 26 0 6624 
B 1 7 0 0 7 0 10 0 2645 
B 2 7 0 0 0 0 0 0 0 
m 6 20406 1872099 953621 3442 3469 10471 
D 13 0 115 8 12 13 0 115 16 50
B 0 7 0 8 17 0 7 0 2003 
B 1 7 0 3 8 0 0 0 0 
B 2 7 0 0 0 0 0 0 0 
m 6 17408 1317955 681614 2711 3050 14387 
D 14 0 115 8 11 14 0 115 16 35
B 0 7 0 11 21 0 1 0 169 
B 1 7 0 4 5 0 2 0 342 
B 2 7 0 0 0 0 0 0 0 
m 6 22028 2004920 1101532 2849 4986 16812 
D 15 0 115 8 18 15 0 115 16 56
B 0 7 0 4 12 0 2 0 469 
B 1 7 0 2 5 0 0 0 0 
B 2 7 0 0 0 0 0 0 0 
m 6 10461 724892 379295 940 2077 2396 
D 16 0 115 8 11 16 0 115 16 36
B 0 7 0 4 13 6 16 0 4504 
B 1 7 0 1 6 1 9 0 2694 
B 2 7 0 0 0 0 0 0 0 
m 6 22174 1673768 894313 3617 4154 9517 
D 19 0 115 8 27 19 0 115 16 45
B 0 7 0 9 21 0 2 0 600 
B 1 7 0 4 7 0 0 0 0 
B 2 7 0 0 0 0 0 0 0 
m 6 20556 1125903 612147 2478 3725 15080 
D 20 0 115 8 11 20 0 115 16 58
B 0 7 0 11 24 0 2 0 600 
B 1 7 0 2 8 1 2 0 600 
B 2 7 0 0 0 0 0 0 0 
m 6 21113 1805859 935367 777 4538 21086 
D 21 0 115 8 8 21 0 115 16 51
B 0 7 0 5 13 1 0 0 0 
B 1 7 0 2 7 0 0 0 0 
B 2 7 0 0 0 0 0 0 0 
m 6 13695 1380359 577827 2611 2638 13122 
D 22 0 115 8 23 22 0 115 18 9
B 0 7 0 11 20 0 4 0 912 
B 1 7 0 4 9 0 0 0 0 
B 2 7 0 0 0 0 0 0 0 
m 6 21419 2817065 1521514 5413 5749 17379 
